8 9
010011111
011000000
000011111
011111110
011111110
010001000
010101010
000100010
:18:20:error
14 10
0100000000
0111111110
0110000110
0110110110
0000110000
1111111110
1111111110
0000000000
0111111111
0111111111
0111110000
0111110110
0111110110
0000000010
:45:47Æ²¸²
4 4
0100
0000
0111
0000
:7
14	9							
010000011
011111011
010001011
010101011
000100011
111111011
111111011
000000011
011111111
011111111
010000011
010101011
010101011
000001000
:38:40error
6 4
0100 
1110
1000 
0000 
0111
0000
:15
6 4
0 1 0 0 
1 1 1 0
1 0 0 0 
0 0 0 0 
0 1 1 1
0 0 0 0 
:15
6 4
0000 
1110
1000 
0001 
0111
0000 
:11
6 4
0000 
1110
1000 
0000 
0111
0000 
:9
3 2
010 
111
010 
:-1
